  A = [5 1 1;
       1 4 1;
       1 1 3;]

  b = [5;
       4;
       3;] # column vector
